960 600 1920 1200 120.0 3
960 600 1920 1200 60.0 3
960 600 1920 1200 59.93998718261719 3
960 600 1920 1200 50.0 3
960 600 1920 1200 48.0 3
960 600 1920 1200 47.94999694824219 3
1168 730 2336 1460 120.0 3
1168 730 2336 1460 60.0 3
1168 730 2336 1460 59.93998718261719 3
1168 730 2336 1460 50.0 3
1168 730 2336 1460 48.0 3
1168 730 2336 1460 47.94999694824219 3
1168 755 2336 1510 120.0 3
1168 755 2336 1510 60.0 3
1168 755 2336 1510 59.93998718261719 3
1168 755 2336 1510 50.0 3
1168 755 2336 1510 48.0 3
1168 755 2336 1510 47.94999694824219 3
1280 800 2560 1600 120.0 3
1280 800 2560 1600 60.0 3
1280 800 2560 1600 59.93998718261719 3
1280 800 2560 1600 50.0 3
1280 800 2560 1600 48.0 3
1280 800 2560 1600 47.94999694824219 3
1312 820 2624 1640 120.0 3
1312 820 2624 1640 60.0 3
1312 820 2624 1640 59.93998718261719 3
1312 820 2624 1640 50.0 3
1312 820 2624 1640 48.0 3
1312 820 2624 1640 47.94999694824219 3
1312 848 2624 1696 120.0 3
1312 848 2624 1696 60.0 3
1312 848 2624 1696 59.93998718261719 3
1312 848 2624 1696 50.0 3
1312 848 2624 1696 48.0 3
1312 848 2624 1696 47.94999694824219 3
1496 935 2992 1870 120.0 3
1496 935 2992 1870 60.0 3
1496 935 2992 1870 59.93998718261719 3
1496 935 2992 1870 50.0 3
1496 935 2992 1870 48.0 3
1496 935 2992 1870 47.94999694824219 3
1496 967 2992 1934 120.0 3
1496 967 2992 1934 60.0 3
1496 967 2992 1934 59.93998718261719 3
1496 967 2992 1934 50.0 3
1496 967 2992 1934 48.0 3
1496 967 2992 1934 47.94999694824219 3
1728 1080 3456 2160 120.0 3
1728 1080 3456 2160 60.0 3
1728 1080 3456 2160 59.93998718261719 3
1728 1080 3456 2160 50.0 3
1728 1080 3456 2160 48.0 3
1728 1080 3456 2160 47.94999694824219 3
1728 1117 3456 2234 120.0 33554439
1728 1117 3456 2234 60.0 33554435
1728 1117 3456 2234 59.93998718261719 33554435
1728 1117 3456 2234 50.0 33554435
1728 1117 3456 2234 48.0 33554435
1728 1117 3456 2234 47.94999694824219 33554435
1920 1200 1920 1200 120.0 3
1920 1200 1920 1200 60.0 3
1920 1200 1920 1200 59.93998718261719 3
1920 1200 1920 1200 50.0 3
1920 1200 1920 1200 48.0 3
1920 1200 1920 1200 47.94999694824219 3
2056 1285 4112 2570 120.0 3
2056 1285 4112 2570 60.0 3
2056 1285 4112 2570 59.93998718261719 3
2056 1285 4112 2570 50.0 3
2056 1285 4112 2570 48.0 3
2056 1285 4112 2570 47.94999694824219 3
2056 1329 4112 2658 120.0 3
2056 1329 4112 2658 60.0 3
2056 1329 4112 2658 59.93998718261719 3
2056 1329 4112 2658 50.0 3
2056 1329 4112 2658 48.0 3
2056 1329 4112 2658 47.94999694824219 3
2336 1460 2336 1460 120.0 3
2336 1460 2336 1460 60.0 3
2336 1460 2336 1460 59.93998718261719 3
2336 1460 2336 1460 50.0 3
2336 1460 2336 1460 48.0 3
2336 1460 2336 1460 47.94999694824219 3
2336 1510 2336 1510 120.0 3
2336 1510 2336 1510 60.0 3
2336 1510 2336 1510 59.93998718261719 3
2336 1510 2336 1510 50.0 3
2336 1510 2336 1510 48.0 3
2336 1510 2336 1510 47.94999694824219 3
2560 1600 2560 1600 120.0 3
2560 1600 2560 1600 60.0 3
2560 1600 2560 1600 59.93998718261719 3
2560 1600 2560 1600 50.0 3
2560 1600 2560 1600 48.0 3
2560 1600 2560 1600 47.94999694824219 3
2624 1640 2624 1640 120.0 3
2624 1640 2624 1640 60.0 3
2624 1640 2624 1640 59.93998718261719 3
2624 1640 2624 1640 50.0 3
2624 1640 2624 1640 48.0 3
2624 1640 2624 1640 47.94999694824219 3
2624 1696 2624 1696 120.0 3
2624 1696 2624 1696 60.0 3
2624 1696 2624 1696 59.93998718261719 3
2624 1696 2624 1696 50.0 3
2624 1696 2624 1696 48.0 3
2624 1696 2624 1696 47.94999694824219 3
2992 1870 2992 1870 120.0 3
2992 1870 2992 1870 60.0 3
2992 1870 2992 1870 59.93998718261719 3
2992 1870 2992 1870 50.0 3
2992 1870 2992 1870 48.0 3
2992 1870 2992 1870 47.94999694824219 3
2992 1934 2992 1934 120.0 3
2992 1934 2992 1934 60.0 3
2992 1934 2992 1934 59.93998718261719 3
2992 1934 2992 1934 50.0 3
2992 1934 2992 1934 48.0 3
2992 1934 2992 1934 47.94999694824219 3
3456 2160 3456 2160 120.0 3
3456 2160 3456 2160 60.0 3
3456 2160 3456 2160 59.93998718261719 3
3456 2160 3456 2160 50.0 3
3456 2160 3456 2160 48.0 3
3456 2160 3456 2160 47.94999694824219 3
3456 2234 3456 2234 120.0 33554435
3456 2234 3456 2234 60.0 33554435
3456 2234 3456 2234 59.93998718261719 33554435
3456 2234 3456 2234 50.0 33554435
3456 2234 3456 2234 48.0 33554435
3456 2234 3456 2234 47.94999694824219 33554435
